3D mice
"nRMSD
[0.2024073	0.2621022	0.2369696	0.2177181	0.1467821	0.1455925	0.2713614	0.2310303	0.2592127	0.2482796	0.1897457	0.2324037	0.2770005]



(initial_strategy='mean',max_iter=10, n_nearest_features=4)

[0.2311457670175331, 0.26153231671696314, 0.25780213682389985, 0.23785031226394818, 0.20233024647069428, 0.19603623291015473, 0.28001176675162925, 0.25336344379295783, 0.26959912717426154, 0.2510988177441313, 0.24519409446898752, 0.2455706363583947, 0.2746686415127363]

initial_strategy='median',max_iter=10, n_nearest_features=6
[0.2215052219591755, 0.2645768198150914, 0.2511342999339004, 0.2306609744903631, 0.20652590083495564, 0.17268779193048633, 0.2794136188528058, 0.24832473940402927, 0.2667992100275062, 0.2493981976684394, 0.2400337740152412, 0.24014998113500297, 0.2722374492813904]


initial_strategy='median',max_iter=10, n_nearest_features=8)
[0.21691403927180486, 0.2642721887264626, 0.24869498410538188, 0.2276965687870684, 0.20777046349848724, 0.16762393327099828, 0.27719576612300056, 0.2456099365875411, 0.2654404856282838, 0.2595633328141572, 0.2401489626037149, 0.24897880828958094,0.27334903266471144]


IterativeImputer(initial_strategy='median',max_iter=10)
[0.2282030046724095, 0.34628167951380806, 0.2560964184602296, 0.23404367476950255, 0.245895007180735, 0.19676572914858673, 0.3000764854129948, 0.24995118510813838, 0.28383834956611903, 0.35210429536173515, 0.27000684419507426, 0.41712087087372673, 0.2741950241095749]


KNN

[0.20157116300679326, 0.25401038424635786, 0.21816084476361688, 0.2219393238152284, 0.22486903702722663, 0.22851232916890893, 0.2544909953624285, 0.1841387772491232, 0.22257313188691513, 0.20847996451316747, 0.1586825239111387, 0.21367744083828608, 0.27729495512863084]
